0
0
1
1
3
5
5
5
7
8
8
10
10
13
13
13
15
16
16
18
20
20
20
22
24
24
24
24
26
26
29
29
29
31
32
32
34
36
36
36
36
38
39
39
41
41
41
44
44
44
44
46
47
47
49
49
52
52
52
52
54
54
56
56
56
56
58
58
61
61
61
61
61
64
64
66
66
68
68
68
68
70
71
71
71
73
73
73
76
76
76
76
76
78
79
79
79
81
83
83
83
83
83
85
87
87
87
87
87
89
89
89
92
92
92
92
92
94
95
95
95
95
97
99
99
99
99
99
99
101
103
103
103
103
103
105
105
105
105
108
108
108
108
108
108
110
111
111
111
113
113
113
113
116
116
116
116
116
116
116
118
120
120
120
120
120
120
122
122
122
122
125
125
125
125
125
125
125
127
128
128
128
128
128
130
130
132
132
132
132
132
132
132
134
134
135
135
135
135
135
137
137
137
137
140
140
140
140
140
140
140
140
142
142
143
143
143
143
143
145
145
145
147
147
147
147
147
147
147
147
149
149
151
151
151
151
151
151
151
151
153
153
153
153
153
153
156
153
156
156
156
156
156
156
156
158
158
158
159
159
159
159
159
161
161
161
161
163
163
163
163
163
163
163
163
163
165
165
165
167
167
167
167
167
167
167
167
167
167
167
169
169
169
169
169
169
172
172
172
172
172
172
172
172
172
172
172
172
174
174
174
175
175
175
175
175
175
175
175
177
177
177
177
177
177
177
180
180
180
180
180
180
180
180
180
180
180
180
180
182
182
182
182
184
184
184
184
184
184
184
184
184
184
184
184
184
184
186
186
186
186
186
186
186
186
186
189
189
189
189
189
189
189
189
189
189
189
189
189
189
189
191
192
192
192
192
192
192
192
192
192
192
192
194
194
194
194
194
194
196
196
196
196
196
196
196
196
196
196
196
196
196
196
196
196
196
198
198
198
198
198
199
199
199
199
199
199
199
199
199
199
199
199
199
201
201
201
201
201
201
201
201
201
201
201
201
201
204
204
204
204
204
204
204
204
204
204
204
204
204
204
204
204
204
204
204
204
204
204
206
206
206
206
206
206
206
207
207
207
207
207
207
207
207
207
207
207
207
207
207
207
207
209
209
209
209
209
209
209
209
209
209
209
209
209
209
209
209
209
212
212
212
212
212
212
212
212
212
212
212
212
212
212
212
212
212
212
212
212
212
212
212
212
212
212
212
212
214
214
214
214
214
214
214
214
214
214
216
216
216
216
216
216
216
216
216
216
216
216
216
216
216
216
216
216
216
216
216
216
216
216
216
216
216
216
216
216
216
216
216
216
218
218
218
218
218
218
218
218
218
218
218
218
218
218
218
218
218
218
218
218
218
218
218
218
218
221
221
221
221
221
221
221
221
221
221
221
221
221
221
221
221
221
221
221
221
221
221
221
221
221
221
221
221
221
221
221
221
221
221
221
221
221
221
221
221
221
221
221
221
221
223
223
223
223
223
223
223
223
223
223
223
223
223
223
223
224
224
224
224
224
224
224
224
224
224
224
224
224
224
224
224
224
224
224
224
224
224
224
224
224
224
224
224
224
224
224
224
224
224
224
224
224
226
226
226
226
226
226
226
226
224
226
226
226
226
226
226
226
226
226
226
226
226
226
228
228
228
228
228
228
228
228
228
228
228
228
228
228
228
228
228
228
228
228
228
228
228
228
228
228
228
228
228
228
228
228
228
228
228
228
228
228
228
228
228
228
228
228
228
228
228
228
228
228
228
228
228
228
228
228
228
228
228
228
228
228
228
228
228
228
228
228
228
228
228
228
228
228
228
228
228
228
228
228
230
228
228
228
226
224
224
223
221
221
221
218
218
216
216
216
214
214
212
212
212
209
209
207
207
206
206
204
204
204
201
201
201
199
199
198
196
196
196
196
194
192
192
191
189
189
189
189
186
186
184
184
184
184
182
182
180
180
180
177
177
177
175
175
175
174
174
172
172
172
169
169
169
167
167
167
167
167
165
163
163
163
163
163
161
159
159
159
159
158
156
156
156
156
153
153
153
151
151
151
151
151
149
149
147
147
147
147
147
145
143
143
143
143
142
142
140
140
140
140
140
137
137
137
135
135
135
135
134
134
132
132
132
132
132
130
130
128
128
128
128
127
127
125
125
125
125
125
122
122
122
122
122
120
120
120
120
120
120
118
118
116
116
116
116
116
116
113
113
113
113
111
111
111
111
111
110
110
108
108
108
108
108
108
108
105
105
105
105
105
103
103
103
103
103
103
103
101
101
99
99
99
99
99
99
99
97
97
97
95
95
95
95
95
94
94
94
92
92
92
92
92
92
92
92
89
89
89
89
89
89
87
87
87
87
87
87
87
87
85
85
85
83
83
83
83
83
83
83
83
83
81
81
81
79
79
79
79
79
79
78
78
78
78
76
76
76
76
76
76
76
76
76
73
73
73
73
73
73
73
73
71
71
71
71
71
71
70
70
70
70
68
68
68
68
68
68
68
68
68
68
68
66
66
66
66
64
64
64
64
64
64
64
64
63
63
61
61
61
61
61
61
61
61
61
61
61
58
58
58
58
58
58
58
58
58
56
56
56
56
56
56
56
56
56
56
56
56
56
54
54
54
54
54
54
52
52
52
52
52
52
52
52
52
52
52
52
52
52
49
49
49
49
49
49
49
49
49
49
47
47
47
47
47
47
47
47
47
47
46
46
46
46
46
46
44
44
44
44
44
44
44
44
44
44
44
44
44
44
44
44
44
41
41
41
41
41
41
41
41
41
41
41
41
41
39
39
39
39
39
39
39
39
39
39
39
39
38
38
38
38
38
38
38
36
36
36
36
36
36
36
36
36
36
36
36
36
36
36
36
36
36
36
36
34
34
34
34
34
34
34
34
32
32
32
32
32
32
32
32
32
32
32
32
32
32
32
32
31
31
31
31
31
31
31
29
29
29
29
29
29
29
29
29
29
29
29
29
29
29
29
29
29
29
29
29
29
29
29
29
29
26
26
26
26
26
26
26
26
26
26
26
26
26
26
26
26
26
26
24
24
24
24
24
24
24
24
24
24
24
24
24
24
24
24
24
24
24
24
24
24
24
24
24
24
24
24
24
24
24
24
22
22
22
22
22
22
22
22
22
22
22
20
20
20
20
20
20
20
20
20
20
20
20
20
20
20
20
20
20
20
20
20
20
20
20
20
20
20
20
20
20
20
20
20
20
20
20
20
20
18
18
18
18
18
18
18
18
18
18
18
18
18
16
16
16
16
16
16
16
16
16
16
16
16
16
16
16
16
16
16
16
16
16
16
16
16
16
16
16
16
16
16
16
15
15
15
15
15
15
15
15
15
15
15
15
15
15
15
15
13
13
13
13
13
13
13
13
13
13
13
13
13
13
13
13
13
13
13
13
13
13
13
13
13
13
13
13
13
13
13
13
13
13
13
13
13
13
13
13
13
13
13
13
13
13
13
13
13
13
13
13
13
13
13
13
13
13
13
10